"fecha","rho7dpromedio","incidenciaAcum14d","riesgopor10"
2020-01-06,0.5,0.032513494725986,0.016256747362993
2020-01-07,0.4,0.032513494725986,0.0130053978903944
2020-01-08,0.333333333333333,0.032513494725986,0.0108378315753287
2020-01-09,0.285714285714286,0.032513494725986,0.00928956992171029
2020-01-10,0.142857142857143,0.032513494725986,0.00464478496085515
2020-01-11,0,0.032513494725986,0
2020-01-12,0,0.032513494725986,0
2020-01-13,0,0.032513494725986,0
2020-01-14,0,0.032513494725986,0
2020-01-15,0,0.032513494725986,0
2020-01-16,0,0.032513494725986,0
2020-01-17,0,0.032513494725986,0
2020-01-18,0,0.032513494725986,0
2020-01-19,0,0.032513494725986,0
2020-01-20,0,0,0
2020-01-21,0,0,0
2020-01-22,0,0,0
2020-01-23,0,0,0
2020-01-24,0,0,0
2020-01-25,0,0,0
2020-01-26,0,0,0
2020-01-27,0,0,0
2020-01-28,0,0,0
2020-01-29,0,0,0
2020-01-30,0.142857142857143,0,0
2020-01-31,0.285714285714286,0,0
2020-02-01,0.428571428571429,0,0
2020-02-02,0.428571428571429,0,0
2020-02-03,0.428571428571429,0.032513494725986,0.0139343548825654
2020-02-04,0.571428571428571,0.032513494725986,0.0185791398434206
2020-02-05,0.714285714285714,0.032513494725986,0.0232239248042757
2020-02-06,0.714285714285714,0.032513494725986,0.0232239248042757
2020-02-07,0.571428571428571,0.032513494725986,0.0185791398434206
2020-02-08,0.571428571428571,0.0650269894519721,0.0371582796868412
2020-02-09,0.714285714285714,0.0650269894519721,0.0464478496085515
2020-02-10,0.857142857142857,0.0650269894519721,0.0557374195302618
2020-02-11,0.714285714285714,0.0650269894519721,0.0464478496085515
2020-02-12,0.571428571428571,0.0975404841779581,0.0557374195302617
2020-02-13,0.428571428571429,0.0975404841779581,0.0418030646476963
2020-02-14,0.428571428571429,0.0975404841779581,0.0418030646476963
2020-02-15,0.285714285714286,0.0975404841779581,0.0278687097651309
2020-02-16,0.428571428571429,0.0975404841779581,0.0418030646476963
2020-02-17,0.571428571428571,0.0650269894519721,0.0371582796868412
2020-02-18,1,0.0650269894519721,0.0650269894519721
2020-02-19,1.14285714285714,0.0650269894519721,0.0743165593736823
2020-02-20,1.28571428571429,0.130053978903944,0.167212258590785
2020-02-21,1.35714285714286,0.130053978903944,0.176501828512496
2020-02-22,1.42857142857143,0.130053978903944,0.185791398434206
2020-02-23,1.19047619047619,0.130053978903944,0.154826165361838
2020-02-24,1.04761904761905,0.130053978903944,0.136247025518418
2020-02-25,0.761904761904762,0.16256747362993,0.123860932289471
2020-02-26,1.04761904761905,0.130053978903944,0.136247025518418
2020-02-27,1.47619047619048,0.130053978903944,0.191984445048679
2020-02-28,1.97619047619048,0.16256747362993,0.321264293125814
2020-02-29,2.47619047619048,0.16256747362993,0.402548029940779
2020-03-01,3,0.227594463081902,0.682783389245706
2020-03-02,3.42857142857143,0.292621452533874,1.00327355154471
2020-03-03,3.60714285714286,0.32513494725986,1.17280820261592
2020-03-04,3.49285714285714,0.520215915615776,1.81703987668653
2020-03-05,3.17539682539683,0.48770242088979,1.54864871903179
2020-03-06,2.94325396825397,0.682783389245706,2.00960491985532
2020-03-07,2.71248473748474,0.715296883971692,1.94023188054361
2020-03-08,2.71248473748474,0.81283736814965,2.20480895516319
2020-03-09,2.71248473748474,1.1704858101355,3.17492489543499
2020-03-10,2.84641330891331,1.30053978903944,3.70187376429317
2020-03-11,2.92310503823662,1.78824220992923,5.22721981343152
2020-03-12,2.93180959532827,2.34097162027099,6.86328305870167
2020-03-13,2.87051615903483,2.89370103061276,8.30641556778967
2020-03-14,2.74128538980407,3.41391694622853,9.35852064670079
2020-03-15,2.39114533378166,3.93413286184431,9.40708343507609
2020-03-16,2.03125522389155,4.61691625109001,9.37813525329637
2020-03-17,1.803968256473,5.5923210928696,10.0883697315411
2020-03-18,1.57568922556239,6.0475100190334,9.52899637847153
2020-03-19,1.49641409790017,6.92537437663502,10.3632278504332
2020-03-20,1.37574550887715,7.6731847553327,10.5563494659336
2020-03-21,1.3498456944059,8.71361658656425,11.7620378320776
2020-03-22,1.26513488700602,9.23383250218003,11.6820436392781
2020-03-23,1.19993788888219,10.2417508386856,12.2894648798298
2020-03-24,1.07713087133833,10.9245342279313,11.7671530718971
2020-03-25,1.01788073450199,11.4772636382731,11.6824855421984
2020-03-26,0.925911622532878,11.8674255749849,10.9881872694224
2020-03-27,0.876962317800072,12.0299930486148,10.549850587032
2020-03-28,0.824086622067234,12.0950200380668,9.96734420700597
2020-03-29,0.846692587530342,12.2250740169707,10.3508795521789
2020-03-30,0.884024593503463,12.2575875116967,10.8360088173608
2020-03-31,0.939475721323012,11.8999390697109,11.1797038412165
2020-04-01,0.978884588318086,12.3551279958747,12.0942443818591
2020-04-02,1.00467213410563,12.2250740169707,12.2821912022293
2020-04-03,0.998861852433281,12.0299930486148,12.0163011412989
2020-04-04,0.970265228598562,11.737371596081,11.3883635348178
2020-04-05,0.914256158303777,11.704858101355,10.7012386012356
2020-04-06,0.864781823115157,11.0220747121093,9.53168986404931
2020-04-07,0.849156823115157,10.7294532595754,9.1109884436636
2020-04-08,0.887422129237605,10.3718048175895,9.20416911526216
2020-04-09,0.946961459963377,9.88410239669975,9.35986403600631
2020-04-10,1.05868307168499,10.0141563756037,10.6018178320579
2020-04-11,1.15508746378831,10.2092373439596,11.7925620708472
2020-04-12,1.28707769577854,10.1442103545076,13.0563868885725
2020-04-13,1.38426689155928,10.3067778281376,14.2673313061481
2020-04-14,1.49162378979803,10.5993992806714,15.8103161246177
2020-04-15,1.53760756792467,10.4368318070415,16.0477515716639
2020-04-16,1.61208364707637,11.2496691751912,18.1354077123448
2020-04-17,1.62610233866516,11.704858101355,19.0332971323571
2020-04-18,1.66787753401679,12.2901010064227,20.4983833594096
2020-04-19,1.62540372875229,13.1354518692984,21.3504124472038
2020-04-20,1.59562830199821,14.5985591319677,23.2938741193622
2020-04-21,1.48417184727021,16.0291528999111,23.7900174696376
2020-04-22,1.37903721581978,17.5572871520325,24.2121523914873
2020-04-23,1.22890458982509,18.565205488538,22.8148662359103
2020-04-24,1.12457391137259,19.7031778039475,22.1576797294549
2020-04-25,1.01784809060951,20.3534476984672,20.7167178772053
2020-04-26,1.01153359807909,21.003717592987,21.2459660298711
2020-04-27,1.06236687880631,21.8165549611366,23.1771854003691
2020-04-28,1.22676017235562,22.7269328134642,27.8804960153599
2020-04-29,1.42834581416433,23.5722836763399,33.6693727193943
2020-04-30,1.62845173234254,24.7427694864754,40.292405833203
2020-05-01,1.8010697380605,27.3763625592802,49.306738143692
2020-05-02,1.90697703121031,28.9695238008535,55.2442164933282
2020-05-03,1.95401453742393,31.8307113367403,62.1976726885354
2020-05-04,1.92086659908494,33.7815210202995,64.8897953941789
2020-05-05,1.83834071916775,36.7077355456382,67.4813249619882
2020-05-06,1.7208610227441,39.6664635657029,68.260471060317
2020-05-07,1.6247676058261,43.7956773959032,71.1577979080736
2020-05-08,1.53653390469562,48.0874586997333,73.8880106827907
2020-05-09,1.49865382243016,52.5092939824674,78.6932541399337
2020-05-10,1.47847892065719,58.231669054241,86.0942952113811
2020-05-11,1.4790353965928,63.9540441260145,94.590295017633
2020-05-12,1.47320244360329,70.4567430712117,103.797046060838
2020-05-13,1.46545857458031,77.1545229847648,113.066757275677
2020-05-14,1.46317375740073,84.0473838666739,122.975926451902
2020-05-15,1.44762904703892,91.5905146431026,132.589089430599
2020-05-16,1.43666557795084,98.4833755250117,141.487675617191
2020-05-17,1.39632714216401,104.660939522949,146.14091058028
2020-05-18,1.35519021920922,114.740122888005,155.494692288688
2020-05-19,1.29635811973706,120.950200380668,156.794774347303
2020-05-20,1.24984262953736,130.281573367026,162.831464237308
2020-05-21,1.18637178665475,136.491650859689,161.929843693866
2020-05-22,1.14609663057739,143.579592709954,164.556087424552
2020-05-23,1.10246383364062,150.765075044397,166.213042612562
2020-05-24,1.08031628602311,155.316964306035,167.79144603548
2020-05-25,1.0506880633784,162.047257714314,170.261119383634
2020-05-26,1.038224616199,167.867173270266,174.283831540933
2020-05-27,1.02368412820855,172.386549037178,176.469374166005
2020-05-28,1.03335767555365,175.898006467584,181.765555097864
2020-05-29,1.03990780283473,178.011383624773,185.115426824808
2020-05-30,1.06743035412777,181.067652129016,193.27710803316
2020-05-31,1.09002929518202,182.563272886412,198.999315670499
2020-06-01,1.13109334206967,186.659973221886,211.129852942178
2020-06-02,1.16372098112554,190.236457641744,221.382157132697
2020-06-03,1.20031138735982,191.764591893866,230.177223342616
2020-06-04,1.21575266364823,197.291885997283,239.85813591738
2020-06-05,1.22426537601625,201.648694290565,246.871514538825
2020-06-06,1.21110592878097,207.436096351791,251.227086134834
2020-06-07,1.19146742573614,213.971308791714,254.939844467456
2020-06-08,1.16175205667787,219.238494937324,254.700772396396
2020-06-09,1.14370866036722,223.855411188414,256.025372446254
2020-06-10,1.13799017309149,231.008380028131,262.885266373797
2020-06-11,1.14523436986081,236.893322573534,271.298375001735
2020-06-12,1.16765578616606,245.606939160098,286.784363632825
2020-06-13,1.1969704547432,254.710717683374,304.881203573435
2020-06-14,1.23842891790639,264.854928037882,328.004001932129
2020-06-15,1.26221408401908,272.658166772119,344.152978222593
2020-06-16,1.27941442557101,286.931590956827,367.104416622204
2020-06-17,1.26899162032189,298.668962552908,379.008410729873
2020-06-18,1.24905205533375,311.089117538234,388.566501653094
2020-06-19,1.20237012790146,321.395895366372,386.436823818669
2020-06-20,1.15494226147088,332.027808141769,383.472947606475
2020-06-21,1.09325966325035,341.586775591209,373.44304325362
2020-06-22,1.04464147781834,352.966498745304,368.72344486966
2020-06-23,0.99868774771827,362.427925710566,361.95232883809
2020-06-24,0.976966934935686,370.133623960625,361.608312117449
2020-06-25,0.966339934820888,376.506268926918,363.833043374494
2020-06-26,0.975824685659022,381.870995556706,372.63914420142
2020-06-27,0.999454355425961,387.853478586287,387.641848440175
2020-06-28,1.03570807223779,392.763016289911,406.787826447924
2020-06-29,1.07523074017823,397.575013509357,427.484876052034
2020-06-30,1.10377069684863,397.932661951343,439.226411580865
2020-07-01,1.12169686758044,405.508306222498,454.857396867625
2020-07-02,1.11873950262837,407.361575421879,455.731486277382
2020-07-03,1.10539416313522,413.636679903994,457.231571624505
2020-07-04,1.07103801056861,414.547057756322,443.9956560264
2020-07-05,1.04019711849859,416.172732492621,432.901677136508
2020-07-06,1.00921113436648,418.091028681454,421.942121324057
2020-07-07,0.997445934842985,421.765053585491,420.687838157681
2020-07-08,0.993931321365286,424.528700637199,421.952372381819
2020-07-09,1.01043742888817,430.186048719521,434.676085011712
2020-07-10,1.03688014249843,435.745856317665,451.816225591762
2020-07-11,1.07162072221689,439.484908211153,470.961134740661
2020-07-12,1.09715900909393,446.540336566692,489.925753187981
2020-07-13,1.11558514038426,453.043035511889,505.408078371642
2020-07-14,1.12230150449685,461.008841719756,517.390916648434
2020-07-15,1.11990872293445,463.317299845301,518.873085583189
2020-07-16,1.11592503478256,467.251432707145,521.41757129592
2020-07-17,1.103664233611,472.356051379125,521.322479436859
2020-07-18,1.0842446308704,479.053831292678,519.411544476981
2020-07-19,1.05839123971896,485.946692174587,514.321721967989
2020-07-20,1.02915927127461,498.431874149366,512.965784379599
2020-07-21,0.997996561675038,503.894141263331,502.884620429001
2020-07-22,0.969573120132397,508.706138482777,493.22779791925
2020-07-23,0.945433184667975,513.485622207497,485.466347084851
2020-07-24,0.932705514905242,514.233432586195,479.628358521797
2020-07-25,0.934388280882978,515.501458880508,481.678521956025
2020-07-26,0.948239296734305,514.005838123113,487.400534459187
2020-07-27,0.978348593771065,515.631512859412,504.467365510053
2020-07-28,1.01676202537097,513.973324628387,522.58855853581
2020-07-29,1.05816736717684,513.193000754963,543.04408646246
2020-07-30,1.08998638715199,514.818675491263,561.145348137096
2020-07-31,1.10275178586006,515.176323933248,568.111611250212
2020-08-01,1.09532394878938,520.02083464742,569.591274058762
2020-08-02,1.07062098087163,522.979562667485,559.912892358882
2020-08-03,1.02977831612212,520.313456099954,535.807514678291
2020-08-04,0.982536514910447,519.175483784545,510.108870464612
2020-08-05,0.937815322294065,519.663186205435,487.34809845561
2020-08-06,0.900750383582267,517.907457490231,466.505340994443
2020-08-07,0.877846624026526,517.712376521875,454.472061946478
2020-08-08,0.869811519732225,516.476863722288,449.237525740816
2020-08-09,0.880082912798353,514.461027049277,452.76835920676
2020-08-10,0.905028318170184,510.559407682158,462.070722060549
2020-08-11,0.93906817830859,506.560247830862,475.694609134075
2020-08-12,0.976904221861196,501.683223621964,490.096459193231
2020-08-13,1.01485054341246,497.0988208656,504.481008485148
2020-08-14,1.05389978101042,491.929175204169,518.444050020309
2020-08-15,1.08772162999858,484.54861190137,527.054005950906
2020-08-16,1.11508048222223,481.232235439319,536.612673154558
2020-08-17,1.12613962797106,478.371047903432,538.712593918099
2020-08-18,1.1277870007956,480.939613986785,542.397444821949
2020-08-19,1.12123309061741,484.38604442774,543.109661645655
2020-08-20,1.11265455420474,489.848311541705,545.03195470638
2020-08-21,1.09757800768774,493.78244440355,541.96475155963
2020-08-22,1.08128734583111,500.967926737993,541.690279849039
2020-08-23,1.06473639239252,511.957487955376,545.099768783946
2020-08-24,1.04639172713106,520.703618036666,544.859958200781
2020-08-25,1.02326798510034,531.237990327886,543.598827971571
2020-08-26,0.993473782690601,538.48849965178,534.974206684441
2020-08-27,0.964798547088212,545.511414512593,526.308620141786
2020-08-28,0.936613318914319,548.04746710122,513.30855708426
2020-08-29,0.912601101216012,547.88489962759,500.000362739763
2020-08-30,0.88674904721398,545.706495480949,483.904714926212
2020-08-31,0.868809256520044,544.958685102252,473.465150037828
2020-09-01,0.852442032003997,540.731930787874,460.94262585026
2020-09-02,0.835552275376229,532.961205548363,445.316947983193
2020-09-03,0.803044361586863,522.849508688581,419.871349910827
2020-09-04,0.756532977006065,514.233432586195,389.034549630482
2020-09-05,0.689411934306879,500.122575875117,344.790472424603
2020-09-06,0.60295802252028,480.419398071169,289.672730241376
2020-09-07,0.497135244622469,455.741655574146,226.565239428502
2020-09-08,0.415586388125624,426.154375373499,177.103957645404
2020-09-09,0.367153191644843,394.486231510388,144.836878958985
2020-09-10,0.315266982987722,356.022767249547,112.242223705705
2020-09-11,0.253957963948792,318.892356272471,80.9852535177896
