"fecha","rho7dpromedio","incidenciaAcum14d","riesgopor10"
2020-01-06,0,0,0
2020-01-07,0,0,0
2020-01-08,0,0,0
2020-01-09,0,0,0
2020-01-10,0,0,0
2020-01-11,0,0,0
2020-01-12,0,0,0
2020-01-13,0,0,0
2020-01-14,0,0,0
2020-01-15,0,0,0
2020-01-16,0,0,0
2020-01-17,0,0,0
2020-01-18,0,0,0
2020-01-19,0,0,0
2020-01-20,0,0,0
2020-01-21,0,0,0
2020-01-22,0,0,0
2020-01-23,0,0,0
2020-01-24,0,0,0
2020-01-25,0,0,0
2020-01-26,0,0,0
2020-01-27,0,0,0
2020-01-28,0,0,0
2020-01-29,0,0,0
2020-01-30,0,0,0
2020-01-31,0,0,0
2020-02-01,0,0,0
2020-02-02,0,0,0
2020-02-03,0,0,0
2020-02-04,0,0,0
2020-02-05,0,0,0
2020-02-06,0,0,0
2020-02-07,0,0,0
2020-02-08,0,0,0
2020-02-09,0,0,0
2020-02-10,0,0,0
2020-02-11,0,0,0
2020-02-12,0,0,0
2020-02-13,0,0,0
2020-02-14,0,0,0
2020-02-15,0,0,0
2020-02-16,0,0,0
2020-02-17,0,0,0
2020-02-18,0,0,0
2020-02-19,0,0,0
2020-02-20,0,0,0
2020-02-21,0,0,0
2020-02-22,0,0,0
2020-02-23,0,0,0
2020-02-24,0,0,0
2020-02-25,0,0,0
2020-02-26,0,0,0
2020-02-27,0,0,0
2020-02-28,0,0,0
2020-02-29,0,0,0
2020-03-01,0,0,0
2020-03-02,0,0,0
2020-03-03,0,0,0
2020-03-04,0,0,0
2020-03-05,0,0,0
2020-03-06,0,0,0
2020-03-07,0,0,0
2020-03-08,0,0,0
2020-03-09,0,0,0
2020-03-10,0.142857142857143,0,0
2020-03-11,0.285714285714286,0,0
2020-03-12,0.428571428571429,0,0
2020-03-13,0.428571428571429,0,0
2020-03-14,0.428571428571429,0.41649312786339,0.178497054798596
2020-03-15,0.428571428571429,0.41649312786339,0.178497054798596
2020-03-16,0.428571428571429,0.41649312786339,0.178497054798596
2020-03-17,0.285714285714286,0.41649312786339,0.118998036532397
2020-03-18,0.142857142857143,0.41649312786339,0.0594990182661986
2020-03-19,0,0.41649312786339,0
2020-03-20,0,0.41649312786339,0
2020-03-21,0.142857142857143,0.41649312786339,0.0594990182661986
2020-03-22,0.285714285714286,0.41649312786339,0.118998036532397
2020-03-23,0.428571428571429,0.41649312786339,0.178497054798596
2020-03-24,0.428571428571429,0.41649312786339,0.178497054798596
2020-03-25,0.428571428571429,0.832986255726781,0.356994109597192
2020-03-26,0.428571428571429,0.832986255726781,0.356994109597192
2020-03-27,0.571428571428571,0.832986255726781,0.475992146129589
2020-03-28,0.857142857142857,0.41649312786339,0.356994109597192
2020-03-29,1.14285714285714,0.41649312786339,0.475992146129589
2020-03-30,1.42857142857143,0.41649312786339,0.594990182661986
2020-03-31,1.57142857142857,0.832986255726781,1.30897840185637
2020-04-01,1.85714285714286,1.66597251145356,3.09394894984233
2020-04-02,1.9047619047619,1.66597251145356,3.17328097419726
2020-04-03,1.85714285714286,2.08246563931695,3.86743618730291
2020-04-04,1.47619047619048,2.08246563931695,3.0741159437536
2020-04-05,1.47619047619048,2.49895876718034,3.68893913250431
2020-04-06,1.33333333333333,2.49895876718034,3.33194502290712
2020-04-07,1.76190476190476,2.91545189504373,5.13674857698181
2020-04-08,1.61904761904762,2.49895876718034,4.04593324210151
2020-04-09,1.57142857142857,3.33194502290712,5.23591360742548
2020-04-10,1.52380952380952,4.1649312786339,6.34656194839452
2020-04-11,1.51190476190476,4.1649312786339,6.29697943317269
2020-04-12,1.11904761904762,4.1649312786339,4.66075643085222
2020-04-13,0.833333333333333,4.1649312786339,3.47077606552825
2020-04-14,0.261904761904762,4.1649312786339,1.09081533488031
2020-04-15,0.119047619047619,3.33194502290712,0.396660121774657
2020-04-16,0.547619047619048,3.33194502290712,1.82463656016342
2020-04-17,1.07142857142857,2.91545189504373,3.12369845897543
2020-04-18,1.60714285714286,2.91545189504373,4.68554768846314
2020-04-19,2.14285714285714,2.49895876718034,5.35491164395787
2020-04-20,2.71428571428571,3.74843815077051,10.17433212352
2020-04-21,3.19047619047619,3.74843815077051,11.9593026715059
2020-04-22,3.4047619047619,4.99791753436068,17.0167192241328
2020-04-23,3.01700680272109,5.83090379008746,17.5918764007061
2020-04-24,2.46343537414966,7.08038317367763,17.4420663725715
2020-04-25,1.91581632653061,7.49687630154102,14.3626380164727
2020-04-26,1.38724489795918,7.49687630154102,10.4000033999439
2020-04-27,0.934863945578231,7.91336942940441,7.39792376759117
2020-04-28,0.815816326530612,7.49687630154102,6.1160740847776
2020-04-29,1.17295918367347,7.91336942940441,9.28205934602079
2020-04-30,1.34642857142857,8.7463556851312,11.7763431903374
2020-05-01,1.56666666666667,9.57934194085798,15.0076357073442
2020-05-02,1.71428571428571,9.99583506872137,17.1357172606652
2020-05-03,2.07142857142857,10.8288213244481,22.4311298863569
2020-05-04,2.32380952380952,9.57934194085798,22.2605660339938
2020-05-05,2.53809523809524,10.4123281965848,26.4274806132365
2020-05-06,2.48095238095238,10.4123281965848,25.8324904305746
2020-05-07,2.83809523809524,12.0783007080383,34.2793677237659
2020-05-08,2.89591836734694,10.8288213244481,31.3593825701876
2020-05-09,3.07613814756672,13.7442732194919,42.2792831610586
2020-05-10,2.90629687772545,17.076218242399,49.6285597612426
2020-05-11,2.83645560788418,22.0741357767597,62.6123062131868
2020-05-12,2.49162802167728,25.4060807996668,63.302502841447
2020-05-13,2.24335215960832,29.5710120783007,66.3381938076595
2020-05-14,1.91745930246546,32.9029571012078,63.0900811723329
2020-05-15,1.92203354595596,39.1503540191587,75.2482937608747
2020-05-16,1.88617466799182,46.6472303206997,87.9848241628837
2020-05-17,1.9479414036716,53.311120366514,103.846938638053
2020-05-18,1.90296785869805,60.807996668055,115.715663211127
2020-05-19,1.92052271763222,69.9708454810496,134.38059831829
2020-05-20,1.88636298251149,85.7975843398584,161.845387087617
2020-05-21,1.82109937706932,94.1274468971262,171.415434909482
2020-05-22,1.67410220696136,104.956268221574,175.707520264166
2020-05-23,1.51295190853488,117.451062057476,177.697808499307
2020-05-24,1.37756139710367,127.863390254061,176.139670516795
2020-05-25,1.28112080066307,137.026239067055,175.547165105435
2020-05-26,1.1906037705234,147.43856726364,175.540914104658
2020-05-27,1.11999834932554,158.267388588088,177.259213970723
2020-05-28,1.09618882551602,167.846730528946,183.991710405229
2020-05-29,1.10912889102787,177.842565597668,197.250327558892
2020-05-30,1.1192258805063,186.588921282799,208.835149715461
2020-05-31,1.15066085091103,192.83631820075,221.889201987426
2020-06-01,1.18597641254238,202.832153269471,240.554149482774
2020-06-02,1.2460021947995,211.162015826739,263.108335178404
2020-06-03,1.27523368937753,211.162015826739,269.280916499129
2020-06-04,1.30292289005781,226.155768429821,294.663527405826
2020-06-05,1.29172547905457,235.735110370679,304.505048373547
2020-06-06,1.27717246450155,243.648479800083,311.18112941833
2020-06-07,1.2137872572975,251.561849229488,305.342567016947
2020-06-08,1.15401282120727,260.308204914619,300.39900593692
2020-06-09,1.09619238077814,269.471053727613,295.392115936466
2020-06-10,1.07924817978486,276.134943773428,298.018135442465
2020-06-11,1.09370266584757,279.883381924198,306.10920093693
2020-06-12,1.16608361822853,286.547271970013,334.138079692306
2020-06-13,1.2724794154138,303.623490212412,386.354641331386
2020-06-14,1.37329152320265,314.868804664723,432.406660367015
2020-06-15,1.44825544816657,333.610995418576,483.153941683226
2020-06-16,1.48414061563069,353.186172428155,524.177943379769
2020-06-17,1.49291585866422,375.260308204915,560.232065246339
2020-06-18,1.44972559944608,389.42107455227,564.553700742227
2020-06-19,1.35339427818518,409.829237817576,554.660545495302
2020-06-20,1.21521063414357,431.070387338609,523.841318758267
2020-06-21,1.09625638577756,449.812578092461,493.109911136928
2020-06-22,0.999395505310122,464.806330695544,464.525357736816
2020-06-23,0.93657431090998,471.886713869221,441.956973869641
2020-06-24,0.889461386001643,482.299042065806,428.986374423117
2020-06-25,0.863325184540767,497.292794668888,429.325393728311
2020-06-26,0.841686580989635,509.78758850479,429.081372399548
2020-06-27,0.832638720343601,518.950437317784,432.098228050032
2020-06-28,0.837070343739228,517.700957934194,433.352118812104
2020-06-29,0.852229300399479,506.039150354019,431.261391080953
2020-06-30,0.860307472861213,492.294877134527,423.524961650127
2020-07-01,0.883480512191888,481.466055810079,425.365877590097
2020-07-02,0.893985647330454,474.385672636402,424.093982636146
2020-07-03,0.912083777270689,463.556851311953,422.802683924314
2020-07-04,0.921890722802598,441.482715535194,406.998819729593
2020-07-05,0.930064141423777,428.154935443565,398.211552429672
2020-07-06,0.936581227159528,415.660141607663,389.299485508209
2020-07-07,0.956580797061251,410.245730945439,392.433188298764
2020-07-08,0.982545247357498,404.831320283215,397.765089725734
2020-07-09,1.04322113061403,393.586005830904,410.597237996774
2020-07-10,1.13016775541779,385.672636401499,435.874777807946
2020-07-11,1.22374628645977,376.509787588505,460.752454377189
2020-07-12,1.29255581026929,390.67055393586,504.963494390919
2020-07-13,1.32015767575776,403.165347771762,532.241828460436
2020-07-14,1.29836611209427,413.161182840483,536.434478632868
2020-07-15,1.2465709797153,427.321949187838,532.687140852937
2020-07-16,1.17958251727123,426.072469804248,502.587636471664
2020-07-17,1.10774578257735,434.402332361516,481.207351615233
2020-07-18,1.03682725331226,442.732194918784,459.036805610552
2020-07-19,0.990092146313998,446.897126197418,442.469334858359
2020-07-20,0.963413770045458,465.222823823407,448.202074610902
2020-07-21,0.945406962437357,474.802165764265,448.881273293872
2020-07-22,0.917161443697542,482.715535193669,442.728077153457
2020-07-23,0.895558824547692,493.960849645981,442.370997881534
2020-07-24,0.885020182861509,495.210329029571,438.271135952659
2020-07-25,0.906295921627302,486.880466472303,441.257781083847
2020-07-26,0.935922185088152,473.969179508538,443.598270150069
2020-07-27,1.01081484707098,475.218658892128,480.358076013322
2020-07-28,1.09282251809713,471.470220741358,515.233273838383
2020-07-29,1.1870143049771,470.637234485631,558.653129789306
2020-07-30,1.24378043248073,470.220741357768,584.851357047375
2020-07-31,1.27196278503772,475.635152019992,604.990212625187
2020-08-01,1.23563321966264,491.4618908788,607.266638568059
2020-08-02,1.16445201991001,499.375260308205,581.498530558975
2020-08-03,1.03776488008592,499.791753436068,518.666329072516
2020-08-04,0.922282174937839,499.375260308205,460.564901187201
2020-08-05,0.812451724211135,491.045397750937,398.950680068691
2020-08-06,0.751525599375236,484.381507705123,364.025102904373
2020-08-07,0.724910183880555,479.800083298626,347.811966609912
2020-08-08,0.755599697305189,480.216576426489,362.851499788789
2020-08-09,0.795007753017592,477.301124531445,379.458094526514
2020-08-10,0.852426185358682,470.220741357768,400.828472832133
2020-08-11,0.894277629255047,466.888796334861,417.528205912081
2020-08-12,0.940382142567281,451.895043731778,424.954029440025
2020-08-13,0.960895388516067,440.233236151604,423.018086489581
2020-08-14,0.991415377258062,421.074552269888,417.45978609242
2020-08-15,1.01705232836776,397.750937109538,404.533516697714
2020-08-16,1.07054937154848,385.672636401499,412.881598523071
2020-08-17,1.08307529995263,366.930445647647,397.413302481577
2020-08-18,1.0856169802403,366.09745939192,397.441618338704
2020-08-19,1.05072128840337,373.594335693461,392.543521740033
2020-08-20,1.01730931046552,374.427321949188,380.90840071158
2020-08-21,0.938618169204547,371.095376926281,348.316863290817
2020-08-22,0.863756249515041,365.680966264057,315.859219939278
2020-08-23,0.800288380059147,361.516034985423,289.31708200389
2020-08-24,0.812388301995135,353.602665556018,287.262669052007
2020-08-25,0.831966109616421,341.107871720117,283.790188994523
2020-08-26,0.879194752961569,338.608912952936,297.703179574242
2020-08-27,0.905336115336115,341.107871720117,308.81727549366
2020-08-28,0.92988069826996,338.608912952936,314.865892417108
2020-08-29,0.908390283922403,332.778009162849,302.292310226572
2020-08-30,0.861552154731332,322.782174094127,278.09367759966
2020-08-31,0.777105426399712,314.868804664723,244.686256708947
2020-09-01,0.713786483159509,294.87713452728,210.479312818381
2020-09-02,0.658622001908071,272.386505622657,179.399745625939
2020-09-03,0.639910517314234,257.809246147439,164.9748480706
2020-09-04,0.625430869445324,245.7309454394,153.687718855786
2020-09-05,0.60833903271063,234.902124114952,142.900130965762
2020-09-06,0.56426807099261,228.654727197001,129.022561838793
2020-09-07,0.503283653893085,214.493960849646,107.95130435441
2020-09-08,0.451045748699708,203.248646397334,91.6744378864879
2020-09-09,0.418973663338065,182.423990004165,76.4308473727915
2020-09-10,0.359631141103717,160.766347355269,57.8165849504518
2020-09-11,0.28192529001601,137.859225322782,38.8660020805079
