"fecha","rho7dpromedio","incidenciaAcum14d","riesgopor10"
2020-01-06,0,0,0
2020-01-07,0,0,0
2020-01-08,0,0,0
2020-01-09,0,0,0
2020-01-10,0,0,0
2020-01-11,0,0,0
2020-01-12,0,0,0
2020-01-13,0,0,0
2020-01-14,0,0,0
2020-01-15,0,0,0
2020-01-16,0,0,0
2020-01-17,0,0,0
2020-01-18,0,0,0
2020-01-19,0,0,0
2020-01-20,0,0,0
2020-01-21,0,0,0
2020-01-22,0,0,0
2020-01-23,0,0,0
2020-01-24,0,0,0
2020-01-25,0,0,0
2020-01-26,0,0,0
2020-01-27,0,0,0
2020-01-28,0,0,0
2020-01-29,0,0,0
2020-01-30,0.142857142857143,0,0
2020-01-31,0.285714285714286,0,0
2020-02-01,0.428571428571429,0,0
2020-02-02,0.428571428571429,0,0
2020-02-03,0.428571428571429,0.413460624077466,0.177197410318914
2020-02-04,0.428571428571429,0.413460624077466,0.177197410318914
2020-02-05,0.428571428571429,0.413460624077466,0.177197410318914
2020-02-06,0.285714285714286,0.413460624077466,0.118131606879276
2020-02-07,0.142857142857143,0.413460624077466,0.059065803439638
2020-02-08,0,0.413460624077466,0
2020-02-09,0,0.413460624077466,0
2020-02-10,0,0.413460624077466,0
2020-02-11,0,0.413460624077466,0
2020-02-12,0,0.413460624077466,0
2020-02-13,0,0.413460624077466,0
2020-02-14,0,0.413460624077466,0
2020-02-15,0,0.413460624077466,0
2020-02-16,0,0.413460624077466,0
2020-02-17,0,0,0
2020-02-18,0,0,0
2020-02-19,0,0,0
2020-02-20,0,0,0
2020-02-21,0,0,0
2020-02-22,0,0,0
2020-02-23,0,0,0
2020-02-24,0,0,0
2020-02-25,0,0,0
2020-02-26,0,0,0
2020-02-27,0,0,0
2020-02-28,0,0,0
2020-02-29,0.142857142857143,0,0
2020-03-01,0.285714285714286,0,0
2020-03-02,0.571428571428571,0,0
2020-03-03,0.714285714285714,0,0
2020-03-04,0.857142857142857,0.413460624077466,0.354394820637828
2020-03-05,0.857142857142857,0.413460624077466,0.354394820637828
2020-03-06,0.857142857142857,0.826921248154932,0.708789641275656
2020-03-07,0.785714285714286,0.826921248154932,0.649723837836018
2020-03-08,0.928571428571429,0.826921248154932,0.767855444715294
2020-03-09,0.928571428571429,0.826921248154932,0.767855444715294
2020-03-10,1.07142857142857,0.826921248154932,0.88598705159457
2020-03-11,1.07142857142857,1.2403818722324,1.32898057739185
2020-03-12,1.35714285714286,1.65384249630986,2.24450053070624
2020-03-13,1.5,1.65384249630986,2.4807637444648
2020-03-14,1.64285714285714,2.06730312038733,3.39628369777919
2020-03-15,1.57142857142857,2.06730312038733,3.24861918918009
2020-03-16,1.71428571428571,2.4807637444648,4.25273784765394
2020-03-17,1.57142857142857,2.89422436854226,4.54806686485213
2020-03-18,1.57142857142857,2.89422436854226,4.54806686485213
2020-03-19,1.42857142857143,3.30768499261973,4.72526427517104
2020-03-20,1.42857142857143,3.30768499261973,4.72526427517104
2020-03-21,1.35714285714286,3.30768499261973,4.48900106141249
2020-03-22,1.35714285714286,3.72114561669719,5.05012619408905
2020-03-23,1.28571428571429,4.54806686485213,5.84751454052416
2020-03-24,1.33333333333333,4.54806686485213,6.06408915313617
2020-03-25,1.28571428571429,4.54806686485213,5.84751454052416
2020-03-26,1.19047619047619,4.96152748892959,5.9065803439638
2020-03-27,1.0952380952381,5.78844873708452,6.33972956918781
2020-03-28,1.03809523809524,5.37498811300706,5.57974956493113
2020-03-29,0.930952380952381,5.37498811300706,5.00385798139467
2020-03-30,0.788095238095238,5.37498811300706,4.23600253667937
2020-03-31,1.16904761904762,4.96152748892959,5.80026189777245
2020-04-01,1.50238095238095,5.37498811300706,8.07527976025584
2020-04-02,1.69285714285714,5.37498811300706,9.09908701987623
2020-04-03,1.83571428571429,4.96152748892959,9.10794689039218
2020-04-04,1.94047619047619,6.20190936116199,12.0346574508262
2020-04-05,1.9047619047619,5.78844873708452,11.0256166420658
2020-04-06,1.69047619047619,5.78844873708452,9.78523476983336
2020-04-07,1.2047619047619,6.61536998523946,7.96994574412182
2020-04-08,1.02619047619048,6.20190936116199,6.36434032062099
2020-04-09,1.1452380952381,5.37498811300706,6.15564114846761
2020-04-10,1.52619047619048,4.54806686485213,6.94121633421479
2020-04-11,1.90714285714286,5.78844873708452,11.0393986628683
2020-04-12,2.40714285714286,7.44229123339439,17.9146581832422
2020-04-13,2.65204081632653,8.26921248154932,21.9302890199456
2020-04-14,2.75204081632653,9.92305497785918,27.3086523217206
2020-04-15,2.65788497217069,11.1634368500916,29.6711310416349
2020-04-16,2.44359925788497,12.8172793464014,31.320294298971
2020-04-17,1.98441558441558,13.6442005945564,27.0757642967301
2020-04-18,1.55584415584416,14.8845824667888,23.1580906431337
2020-04-19,1.14925074925075,16.5384249630986,19.0067972802684
2020-04-20,1.10673374244803,16.5384249630986,18.3036329536061
2020-04-21,1.08768612340041,17.778806835331,19.3377614854059
2020-04-22,1.06171209742638,19.8461099557184,21.0708550268404
2020-04-23,0.990283525997812,21.9134130761057,21.7004919676525
2020-04-24,0.982800532800533,24.807637444648,24.3809592981225
2020-04-25,0.957590448766919,24.3941768205705,23.3596307289097
2020-04-26,0.97642875331951,23.1537949483381,22.6080311360213
2020-04-27,1.05976208665284,23.1537949483381,24.5375140483828
2020-04-28,1.46452399141475,24.3941768205705,35.725857204539
2020-04-29,1.72426425115501,23.980716196493,41.3490916547068
2020-04-30,1.98957037360399,24.807637444648,49.3565404989805
2020-05-01,2.2022687863024,27.7018618131902,61.0069455936512
2020-05-02,2.37747887033601,29.3557043095001,69.7925667196683
2020-05-03,2.45204715919002,32.2499286780423,79.0783459990744
2020-05-04,2.4377614449043,36.384534918817,88.6968164158664
2020-05-05,2.18667919382205,41.3460624077466,90.4105744134875
2020-05-06,2.11135451849738,44.2402867762889,93.4069293847372
2020-05-07,2.13002052148394,49.6152748892959,105.681553693267
2020-05-08,2.13474865387164,57.8844873708452,123.568831494962
2020-05-09,2.10254314008718,69.0479242209368,145.17623940799
2020-05-10,2.03735157489562,81.8652035673383,166.788201417067
2020-05-11,1.93150741905146,97.576707282282,188.47013404234
2020-05-12,1.76942440402727,108.326683508296,191.675877406917
2020-05-13,1.61147292154749,119.07665973431,191.888812750165
2020-05-14,1.46211618072733,131.480478456634,192.239735001216
2020-05-15,1.35278487373645,142.230454682648,192.407207679344
2020-05-16,1.35683912701671,155.04773402905,210.374832085894
2020-05-17,1.39640587454806,167.038092127296,233.252973119856
2020-05-18,1.49190520280601,190.605347699712,284.365109915848
2020-05-19,1.5174514212934,200.114942053494,303.66470324112
2020-05-20,1.53177874269936,228.230264490761,349.598267587601
2020-05-21,1.45725406103182,247.249453198325,360.305269761156
2020-05-22,1.37716089332996,264.201338785501,363.847751740811
2020-05-23,1.22498870369939,277.43207875598,339.851162519914
2020-05-24,1.11080255512377,284.460909365297,315.979904955802
2020-05-25,0.972511748681082,293.970503719078,285.889768632499
2020-05-26,0.938948530290277,304.307019321015,285.728628548482
2020-05-27,0.916992073151906,310.508928682177,284.734226244447
2020-05-28,0.964258085345206,318.778141163726,307.384400048439
2020-05-29,1.00113696733278,325.393511148966,325.763472941442
2020-05-30,1.0977536014078,339.4511723676,372.633746968631
2020-05-31,1.14247659550648,344.412699856529,393.483448781283
2020-06-01,1.20106407544228,349.787687969536,420.117426052222
2020-06-02,1.19435843988002,356.403057954776,425.673000267333
2020-06-03,1.19678116335537,358.88382169924,429.505397642639
2020-06-04,1.13980710127545,360.124203571473,410.47212457193
2020-06-05,1.09388263100887,362.19150669186,396.19499826916
2020-06-06,0.990926994476975,365.912652308557,362.592724793217
2020-06-07,0.931174568916587,369.633797925255,344.19359244005
2020-06-08,0.850007371197318,369.220337301177,313.840008301961
2020-06-09,0.813422572694636,370.047258549332,301.004793067795
2020-06-10,0.767267128836371,370.047258549332,283.925097600916
2020-06-11,0.75600012203365,365.912652308557,276.630009798926
2020-06-12,0.757281735157369,365.085731060402,276.472755898618
2020-06-13,0.789891502845276,353.508833586233,279.233623830511
2020-06-14,0.807369263180179,347.306924225071,280.40493550897
2020-06-15,0.823160340019399,332.422341758283,273.636887871793
2020-06-16,0.826094578555732,329.941578013818,272.562948837338
2020-06-17,0.838200613176617,311.335849930332,260.961900315467
2020-06-18,0.868428032611544,296.037806839466,257.087530172234
2020-06-19,0.911078563898439,281.153224372677,256.152675896874
2020-06-20,0.95745929113023,265.855181281811,254.545513413381
2020-06-21,0.989437313108252,257.999429424339,255.27426223308
2020-06-22,1.01104769555191,257.999429424339,260.849728573185
2020-06-23,1.00803589254011,249.730216942789,251.737022130159
2020-06-24,0.985524886655174,246.42253195017,242.855537869472
2020-06-25,0.930467535247458,239.393701340853,222.748067240389
2020-06-26,0.873631423186197,234.845634476001,205.168525876334
2020-06-27,0.816337394463597,229.057185738916,186.987946189271
2020-06-28,0.792193122893582,223.268737001832,176.871958009987
2020-06-29,0.811113398401795,215.826445768437,175.059721892218
2020-06-30,0.874303118734372,208.384154535043,182.190916204813
2020-07-01,0.951852753894732,205.489930166501,195.59615592662
2020-07-02,1.01507463839321,203.422627046113,206.489149589831
2020-07-03,1.07694467756632,206.316851414656,222.191835023255
2020-07-04,1.12519776520915,205.489930166501,231.21681019633
2020-07-05,1.15934203677916,199.701481429416,231.522322228195
2020-07-06,1.15566422522901,191.018808323789,220.75360312568
2020-07-07,1.13865742250792,192.259190196022,218.917353962062
2020-07-08,1.11329362967425,194.326493316409,216.342447086093
2020-07-09,1.10159030535574,193.913032692332,213.612716896004
2020-07-10,1.09306624795951,193.086111444177,211.055911369377
2020-07-11,1.10383789170457,195.980335812719,216.330520699064
2020-07-12,1.13962020462974,201.768784549803,229.93978353654
2020-07-13,1.18271754976248,208.79761515912,246.948603797244
2020-07-14,1.2111551543125,215.826445768437,261.399312229389
2020-07-15,1.22906930123428,220.787973257367,271.363720012364
2020-07-16,1.24693849615634,231.537949483381,288.713582531929
2020-07-17,1.24716165679767,237.326398220465,295.984384006459
2020-07-18,1.21324116065227,243.528307581627,295.458566542017
2020-07-19,1.1574588477271,252.624441311332,292.402394747916
2020-07-20,1.08733217430675,259.653271920649,282.329356723341
2020-07-21,1.04399124000378,267.50902377812,279.277077446321
2020-07-22,1.00772520687297,268.749405650353,270.82555040599
2020-07-23,0.989456212528244,276.605157507825,273.688691513471
2020-07-24,0.962399839824501,278.259000004135,267.796417033705
2020-07-25,0.966225071105468,286.114751861606,276.451246461804
2020-07-26,0.968168705702164,292.316661222768,283.011843551226
2020-07-27,0.979521591227235,293.557043095001,287.545461968377
2020-07-28,0.973439168188506,293.557043095001,285.759923846275
2020-07-29,0.968719495084365,294.797424967233,285.576012666429
2020-07-30,0.965937329238988,294.797424967233,284.75583733938
2020-07-31,0.954209373280679,289.422436854226,276.169602084038
2020-08-01,0.939260671476908,291.489739974613,273.784848897185
2020-08-02,0.915937056316559,285.701291237529,261.684399681942
2020-08-03,0.913861561094598,283.220527493064,258.824353388847
2020-08-04,0.893360646226516,276.191696883747,246.738792810462
2020-08-05,0.875458675253179,276.605157507825,242.156384759997
2020-08-06,0.839622080341241,270.81670877074,227.383688409257
2020-08-07,0.831737133073744,271.643630018895,225.936094049661
2020-08-08,0.833893314935974,260.066732544726,216.867909706289
2020-08-09,0.867289316861444,248.489835070557,215.512579305356
2020-08-10,0.910387352047707,246.835992574247,224.716365669736
2020-08-11,0.970529966934848,241.047543837163,233.943864750008
2020-08-12,1.01454220608531,238.980240716775,242.455540627595
2020-08-13,1.06615370434315,233.191791979691,248.618292841564
2020-08-14,1.11100099498354,231.124488859303,256.779537087748
2020-08-15,1.14288788603586,227.403343242606,259.896526236028
2020-08-16,1.13687426563442,224.509118874064,255.238639648183
2020-08-17,1.11078742769192,227.816803866684,253.056041552068
2020-08-18,1.05645674545426,227.816803866684,240.678599172788
2020-08-19,1.03220591537818,226.576421994451,233.873523067897
2020-08-20,0.999350409450163,227.403343242606,227.255624179835
2020-08-21,0.984254270883502,224.922579498141,221.38100948918
2020-08-22,0.958649835792901,226.162961370374,216.811085780145
2020-08-23,0.967472232676182,235.259095100078,227.606641993851
2020-08-24,0.955749919229731,234.432173851923,224.058531223826
2020-08-25,0.956630408672935,236.499476972311,226.242591306957
2020-08-26,0.924839283131809,234.432173851923,216.812083608244
2020-08-27,0.908223196350988,234.845634476001,213.292252792869
2020-08-28,0.875531873337084,233.605252603768,204.52884443356
2020-08-29,0.840509534882251,226.989882618529,190.787160662677
2020-08-30,0.777594213700537,224.922579498141,174.898496348354
2020-08-31,0.718832778091811,215.41298514436,154.84591454837
2020-09-01,0.689641429421195,211.278378903585,145.706323232861
2020-09-02,0.67339902820539,201.355323925726,135.592479455565
2020-09-03,0.658448563650182,191.845729571944,126.320545079068
2020-09-04,0.643887668492272,183.576517090395,118.202655579266
2020-09-05,0.644670876512322,179.44191084962,115.680973950471
2020-09-06,0.606508030578133,164.970789006909,100.056108343501
2020-09-07,0.538880979757805,155.874655277205,83.9978869551902
2020-09-08,0.483602504731402,145.951600299346,70.58255947432
2020-09-09,0.473777390271742,131.067017832557,62.0965896594086
2020-09-10,0.448967650934786,116.182435365768,52.1621550860515
2020-09-11,0.385836429340125,100.884392274902,38.9248736914965
