"fecha","rho7dpromedio","incidenciaAcum14d","riesgopor10"
2020-01-06,0,0,0
2020-01-07,0,0,0
2020-01-08,0,0,0
2020-01-09,0,0,0
2020-01-10,0,0,0
2020-01-11,0,0,0
2020-01-12,0,0,0
2020-01-13,0,0,0
2020-01-14,0,0,0
2020-01-15,0,0,0
2020-01-16,0,0,0
2020-01-17,0,0,0
2020-01-18,0,0,0
2020-01-19,0,0,0
2020-01-20,0,0,0
2020-01-21,0,0,0
2020-01-22,0,0,0
2020-01-23,0,0,0
2020-01-24,0,0,0
2020-01-25,0,0,0
2020-01-26,0,0,0
2020-01-27,0,0,0
2020-01-28,0,0,0
2020-01-29,0,0,0
2020-01-30,0,0,0
2020-01-31,0,0,0
2020-02-01,0,0,0
2020-02-02,0,0,0
2020-02-03,0,0,0
2020-02-04,0,0,0
2020-02-05,0,0,0
2020-02-06,0,0,0
2020-02-07,0,0,0
2020-02-08,0,0,0
2020-02-09,0,0,0
2020-02-10,0,0,0
2020-02-11,0,0,0
2020-02-12,0,0,0
2020-02-13,0,0,0
2020-02-14,0,0,0
2020-02-15,0,0,0
2020-02-16,0,0,0
2020-02-17,0,0,0
2020-02-18,0,0,0
2020-02-19,0,0,0
2020-02-20,0,0,0
2020-02-21,0,0,0
2020-02-22,0,0,0
2020-02-23,0,0,0
2020-02-24,0,0,0
2020-02-25,0,0,0
2020-02-26,0,0,0
2020-02-27,0,0,0
2020-02-28,0.142857142857143,0,0
2020-02-29,0.285714285714286,0,0
2020-03-01,0.428571428571429,0,0
2020-03-02,0.428571428571429,0,0
2020-03-03,0.428571428571429,0.517394813634388,0.221740634414738
2020-03-04,0.428571428571429,0.517394813634388,0.221740634414738
2020-03-05,0.571428571428571,0.517394813634388,0.29565417921965
2020-03-06,0.571428571428571,0.517394813634388,0.29565417921965
2020-03-07,0.714285714285714,0.517394813634388,0.369567724024563
2020-03-08,0.857142857142857,0.517394813634388,0.443481268829476
2020-03-09,1.14285714285714,1.03478962726878,1.1826167168786
2020-03-10,1.28571428571429,1.03478962726878,1.33044380648843
2020-03-11,1.42857142857143,1.55218444090316,2.21740634414738
2020-03-12,1.5,2.06957925453755,3.10436888180633
2020-03-13,1.85714285714286,2.06957925453755,3.84350432985546
2020-03-14,2,2.06957925453755,4.13915850907511
2020-03-15,2.28571428571429,2.58697406817194,5.91308358439301
2020-03-16,2.57142857142857,3.62176369544072,9.31310664541899
2020-03-17,2.71428571428571,5.17394813634388,14.0435735129334
2020-03-18,2.63265306122449,5.17394813634388,13.6212103997625
2020-03-19,2.46598639455782,6.72613257724705,16.5865514234834
2020-03-20,2.00680272108844,7.76092220451582,15.574639798178
2020-03-21,1.63537414965986,8.27831701815021,13.5381456541722
2020-03-22,1.11156462585034,8.27831701815021,9.20188435895064
2020-03-23,0.635374149659864,8.27831701815021,5.25982863602197
2020-03-24,0.492517006802721,8.7957118317846,4.33203766408983
2020-03-25,0.502721088435374,8.27831701815021,4.16168454177755
2020-03-26,0.455102040816327,8.27831701815021,3.76747896948469
2020-03-27,0.414285714285714,8.7957118317846,3.64393775888219
2020-03-28,0.357142857142857,8.7957118317846,3.14132565420879
2020-03-29,0.523809523809524,8.27831701815021,4.33626129522154
2020-03-30,0.857142857142857,7.24352739088143,6.20873776361266
2020-03-31,1.14285714285714,5.17394813634388,5.91308358439301
2020-04-01,1.07142857142857,5.17394813634388,5.54351586036844
2020-04-02,1.07142857142857,5.17394813634388,5.54351586036844
2020-04-03,1.11904761904762,4.13915850907511,4.63191547444119
2020-04-04,1.16666666666667,3.62176369544072,4.22539097801417
2020-04-05,1,3.62176369544072,3.62176369544072
2020-04-06,0.571428571428571,3.10436888180633,1.7739250753179
2020-04-07,0.285714285714286,3.10436888180633,0.886962537658951
2020-04-08,0.428571428571429,3.10436888180633,1.33044380648843
2020-04-09,0.571428571428571,2.58697406817194,1.47827089609825
2020-04-10,0.523809523809524,2.06957925453755,1.08406532380538
2020-04-11,0.476190476190476,2.58697406817194,1.23189241341521
2020-04-12,0.714285714285714,2.58697406817194,1.84783862012281
2020-04-13,1,2.58697406817194,2.58697406817194
2020-04-14,1.28571428571429,2.58697406817194,3.32610951622107
2020-04-15,1.42857142857143,2.58697406817194,3.69567724024563
2020-04-16,1.57142857142857,2.06957925453755,3.25219597141615
2020-04-17,1.78571428571429,2.06957925453755,3.69567724024563
2020-04-18,2,2.58697406817194,5.17394813634388
2020-04-19,1.9047619047619,3.10436888180633,5.91308358439301
2020-04-20,1.76190476190476,3.10436888180633,5.46960231556353
2020-04-21,1.4047619047619,3.62176369544072,5.08771566740482
2020-04-22,1.11904761904762,4.13915850907511,4.63191547444119
2020-04-23,0.928571428571429,4.65655332270949,4.32394237108739
2020-04-24,0.821428571428571,4.65655332270949,3.82502594365423
2020-04-25,0.821428571428571,4.13915850907511,3.40002306102598
2020-04-26,0.916666666666667,4.13915850907511,3.79422863331885
2020-04-27,0.916666666666667,5.17394813634388,4.74278579164856
2020-04-28,0.916666666666667,5.69134294997827,5.21706437081341
2020-04-29,0.964285714285714,5.69134294997827,5.48808070176476
2020-04-30,0.916666666666667,5.17394813634388,4.74278579164856
2020-05-01,0.880952380952381,5.17394813634388,4.55800192963628
2020-05-02,0.80952380952381,4.65655332270949,3.76959078505054
2020-05-03,0.666666666666667,4.65655332270949,3.10436888180633
2020-05-04,0.666666666666667,4.65655332270949,3.10436888180633
2020-05-05,0.595238095238095,3.62176369544072,2.15581172347662
2020-05-06,0.833333333333333,3.62176369544072,3.01813641286726
2020-05-07,1.35714285714286,3.10436888180633,4.21307205388002
2020-05-08,1.85714285714286,3.10436888180633,5.76525649478318
2020-05-09,2.28571428571429,3.10436888180633,7.09570030127161
2020-05-10,2.71428571428571,4.13915850907511,11.2348588103467
2020-05-11,3.14285714285714,5.17394813634388,16.2609798570808
2020-05-12,3.61904761904762,6.72613257724705,24.3421940890846
2020-05-13,3.69047619047619,9.31310664541899,34.3697983342844
2020-05-14,3.42673992673993,10.3478962726878,35.4595493153824
2020-05-15,3.20054945054945,13.9696599681285,44.7105875353563
2020-05-16,2.93388278388278,19.1436081044724,56.1651022391104
2020-05-17,2.58388278388278,22.7653717999131,58.823052262486
2020-05-18,2.1781684981685,27.939319936257,60.856546545406
2020-05-19,1.83463108320251,33.6306628862352,61.6998594797922
2020-05-20,1.59571482704488,38.8046110225791,61.9210931664385
2020-05-21,1.41748680506685,43.4611643452886,61.6056269922886
2020-05-22,1.21971414761678,48.1177176679981,58.6898609906871
2020-05-23,1.10214436108147,52.2568761770732,57.594621406294
2020-05-24,1.09500150393862,54.8438502452451,60.0540985003277
2020-05-25,1.14357293251005,60.017798381589,68.6347296980304
2020-05-26,1.18825977276339,63.6395620770297,75.6203315724129
2020-05-27,1.22628317177817,67.7787205861049,83.1159044593947
2020-05-28,1.27351061538719,73.9874583497175,94.2238136138827
2020-05-29,1.30186935342335,74.5048531633519,96.9955850146743
2020-05-30,1.32499469551421,76.0570376042551,100.775171382162
2020-05-31,1.3170581875777,79.1614064860614,104.260178552633
2020-06-01,1.36807859574096,84.3353546224053,115.377393523136
2020-06-02,1.38830708332088,85.8875390633084,119.23827885059
2020-06-03,1.41955708332088,90.0266975723835,127.798036226864
2020-06-04,1.38302707906496,95.2006457087274,131.665070959639
2020-06-05,1.34456554060342,104.513752354146,140.525589934545
2020-06-06,1.24853379457167,110.205095304125,137.594785821192
2020-06-07,1.15207469811258,115.379043440469,132.925276640196
2020-06-08,1.01375270264772,116.413833067737,118.014837898
2020-06-09,0.959041456447117,119.518201949544,114.622910469631
2020-06-10,0.948684313589974,122.62257083135,116.330109439777
2020-06-11,0.995335775335775,122.105176017716,121.535650044104
2020-06-12,1.10654456654457,129.866098222231,143.702625366153
2020-06-13,1.22695272980987,130.9008878495,160.60920168148
2020-06-14,1.38354613640328,136.074835985844,188.265813589924
2020-06-15,1.47545601863574,140.731389308554,207.642975366275
2020-06-16,1.53007786737524,151.079285581241,231.16307108672
2020-06-17,1.49086604471514,156.253233717585,232.952640526487
2020-06-18,1.43448764051065,164.014155922101,235.27627953904
2020-06-19,1.31699132239577,166.601129990273,219.41224249852
2020-06-20,1.20710947491994,171.257683312982,206.72677217994
2020-06-21,1.0652460192267,174.879447008423,186.289634770289
2020-06-22,0.973903030418272,183.157764026573,178.377901430115
2020-06-23,0.926083902767211,191.436081044724,177.285873064358
2020-06-24,0.924589465395207,190.918686231089,176.521406036358
2020-06-25,0.949060018414738,199.714398062874,189.540950303239
2020-06-26,0.990458775554003,201.266582503777,199.34625286663
2020-06-27,1.06945626928834,209.544899521927,224.09910649112
2020-06-28,1.11204400070586,211.614478776465,235.324611585865
2020-06-29,1.1407955013061,212.649268403734,242.589328751012
2020-06-30,1.14827849450338,215.75363728554,247.745261805867
2020-07-01,1.16047104602177,219.375400980981,254.578801047844
2020-07-02,1.15376330718927,215.75363728554,248.928630092679
2020-07-03,1.13524228286668,214.718847658271,243.757914790079
2020-07-04,1.12344504784364,221.962375049153,249.362531056584
2020-07-05,1.14094144034004,225.584138744593,257.378292177123
2020-07-06,1.16633101364509,228.6885076264,266.726498908881
2020-07-07,1.17263731995139,233.345060949109,273.629126895257
2020-07-08,1.20290135021542,247.314720917238,297.495211719495
2020-07-09,1.22156089627684,252.488669053581,308.430284868839
2020-07-10,1.23167055300361,262.319170512635,323.090797808744
2020-07-11,1.19778258264679,267.493118648979,320.398598495617
2020-07-12,1.15368582201459,280.427988989838,323.525794993641
2020-07-13,1.10765662595396,291.29328007616,322.652931772223
2020-07-14,1.06553818657525,292.328069703429,311.486721276836
2020-07-15,1.01589670836234,300.088991907945,304.859419095056
2020-07-16,0.987955821662837,302.675965976117,299.030482663528
2020-07-17,0.979321893091408,312.50646743517,306.04442529192
2020-07-18,0.964054717518889,313.023862248805,301.772131096943
2020-07-19,0.952479551511414,318.197810385149,303.076907727561
2020-07-20,0.940339746706494,328.028311844202,308.458059672136
2020-07-21,0.927418343811322,325.958732589665,302.300107929144
2020-07-22,0.900057399433571,321.819574080589,289.656088933795
2020-07-23,0.869366251501044,319.749994826052,277.979854419403
2020-07-24,0.855519312725533,317.680415571514,271.781730796104
2020-07-25,0.876637325147894,311.471677807902,273.047698492845
2020-07-26,0.926510274025968,298.019412653408,276.118047682567
2020-07-27,1.03715507453977,293.880254144332,304.799396892832
2020-07-28,1.18303146765021,292.845464517064,346.445399682328
2020-07-29,1.32309695330393,291.29328007616,385.409251386676
2020-07-30,1.39993678014375,298.536807467042,417.932656999807
2020-07-31,1.41613766348216,306.815124485192,434.492453509449
2020-08-01,1.37255783614516,319.232600012417,438.165206700037
2020-08-02,1.29878906579968,326.993522216933,424.695611242678
2020-08-03,1.16492512320575,322.336968894224,375.498433202872
2020-08-04,1.02342136380726,325.44133777603,333.063617746003
2020-08-05,0.902121492507385,328.028311844202,295.921390265569
2020-08-06,0.849252719489358,332.167470353277,282.094127523421
2020-08-07,0.817969658241616,334.237049607815,273.39576523939
2020-08-08,0.831773464498253,342.515366625965,284.895193142368
2020-08-09,0.851504752768867,346.65452513504,295.177975721321
2020-08-10,0.886057944258228,346.65452513504,307.155995908966
2020-08-11,0.91958935342631,345.102340694137,317.352438344827
2020-08-12,0.970115248779792,342.515366625965,332.27938010525
2020-08-13,1.01879466276975,338.37620811689,344.735874837753
2020-08-14,1.0823678472512,323.889153335127,350.567205643356
2020-08-15,1.12855612225304,316.128231130611,356.768450659474
2020-08-16,1.17354216566428,313.023862248805,367.346701208058
2020-08-17,1.18051441643509,316.645625944246,373.804726328294
2020-08-18,1.14885073390845,320.784784453321,368.533835045862
2020-08-19,1.07411978727985,320.784784453321,344.561284439615
2020-08-20,1.00637939820368,326.993522216933,329.079544105178
2020-08-21,0.939296352166766,323.889153335127,304.227900234067
2020-08-22,0.883132545450269,316.128231130611,279.183129447068
2020-08-23,0.819854740890125,317.16302075788,260.027606203381
2020-08-24,0.775060387693437,320.784784453321,248.627579404546
2020-08-25,0.752420391394799,323.371758521493,243.311505112766
2020-08-26,0.735089951134422,315.093441503342,231.622022517469
2020-08-27,0.739811907030875,308.367308926095,228.133806882593
2020-08-28,0.765758484055372,299.571597094311,229.399492056986
2020-08-29,0.835979326015344,288.706306007989,241.352503112938
2020-08-30,0.883538700642388,273.701856412591,241.82618257819
2020-08-31,0.927376676084137,269.562697903516,249.986158778035
2020-09-01,0.934934090421213,258.18001200356,241.381294687486
2020-09-02,0.935988138414036,247.314720917238,231.483645233712
2020-09-03,0.896848196723074,233.862455762743,209.739121732046
2020-09-04,0.819340597938879,223.514559490056,183.134552820627
2020-09-05,0.687270398967272,217.823216540077,149.703448935833
2020-09-06,0.564190961242525,207.47532026739,117.055700375759
2020-09-07,0.446694568746133,190.401291417455,85.0512227584267
2020-09-08,0.378621548292164,171.775078126617,65.037746038307
2020-09-09,0.348187724708204,161.427181853929,56.2069631557771
2020-09-10,0.307621188017192,149.527101140338,45.9977044935577
2020-09-11,0.25952648502149,139.17920486765,36.1206898273872
