"fecha","rho7dpromedio","incidenciaAcum14d","riesgopor10"
2020-01-06,0.5,0.390007995163901,0.19500399758195
2020-01-07,0.4,0.390007995163901,0.15600319806556
2020-01-08,0.333333333333333,0.390007995163901,0.130002665054634
2020-01-09,0.285714285714286,0.390007995163901,0.111430855761115
2020-01-10,0.142857142857143,0.390007995163901,0.0557154278805573
2020-01-11,0,0.390007995163901,0
2020-01-12,0,0.390007995163901,0
2020-01-13,0,0.390007995163901,0
2020-01-14,0,0.390007995163901,0
2020-01-15,0,0.390007995163901,0
2020-01-16,0,0.390007995163901,0
2020-01-17,0,0.390007995163901,0
2020-01-18,0,0.390007995163901,0
2020-01-19,0,0.390007995163901,0
2020-01-20,0,0,0
2020-01-21,0,0,0
2020-01-22,0,0,0
2020-01-23,0,0,0
2020-01-24,0,0,0
2020-01-25,0,0,0
2020-01-26,0,0,0
2020-01-27,0,0,0
2020-01-28,0,0,0
2020-01-29,0,0,0
2020-01-30,0,0,0
2020-01-31,0,0,0
2020-02-01,0,0,0
2020-02-02,0,0,0
2020-02-03,0,0,0
2020-02-04,0,0,0
2020-02-05,0,0,0
2020-02-06,0,0,0
2020-02-07,0,0,0
2020-02-08,0,0,0
2020-02-09,0,0,0
2020-02-10,0,0,0
2020-02-11,0,0,0
2020-02-12,0,0,0
2020-02-13,0,0,0
2020-02-14,0,0,0
2020-02-15,0,0,0
2020-02-16,0,0,0
2020-02-17,0,0,0
2020-02-18,0,0,0
2020-02-19,0,0,0
2020-02-20,0,0,0
2020-02-21,0,0,0
2020-02-22,0,0,0
2020-02-23,0,0,0
2020-02-24,0.142857142857143,0,0
2020-02-25,0.285714285714286,0,0
2020-02-26,0.428571428571429,0,0
2020-02-27,0.428571428571429,0,0
2020-02-28,0.428571428571429,0.390007995163901,0.167146283641672
2020-02-29,0.571428571428571,0.390007995163901,0.222861711522229
2020-03-01,0.714285714285714,0.390007995163901,0.278577139402786
2020-03-02,0.714285714285714,0.390007995163901,0.278577139402786
2020-03-03,0.714285714285714,0.390007995163901,0.278577139402786
2020-03-04,0.714285714285714,0.780015990327802,0.557154278805573
2020-03-05,0.857142857142857,0.780015990327802,0.668585134566687
2020-03-06,0.857142857142857,0.780015990327802,0.668585134566687
2020-03-07,0.714285714285714,1.1700239854917,0.835731418208359
2020-03-08,0.571428571428571,1.1700239854917,0.668585134566687
2020-03-09,0.428571428571429,1.1700239854917,0.501438850925015
2020-03-10,0.428571428571429,1.1700239854917,0.501438850925015
2020-03-11,0.428571428571429,1.1700239854917,0.501438850925015
2020-03-12,0.571428571428571,1.1700239854917,0.668585134566687
2020-03-13,1,0.780015990327802,0.780015990327802
2020-03-14,1.57142857142857,1.1700239854917,1.83860912005839
2020-03-15,2,1.1700239854917,2.34004797098341
2020-03-16,2.42857142857143,1.5600319806556,3.78864909587789
2020-03-17,2.57142857142857,2.34004797098341,6.01726621110018
2020-03-18,2.61904761904762,2.34004797098341,6.1286970668613
2020-03-19,2.44047619047619,2.34004797098341,5.71083135775712
2020-03-20,2.05952380952381,3.12006396131121,6.4258460155576
2020-03-21,1.53571428571429,3.51007195647511,5.39046764744392
2020-03-22,1.10714285714286,3.51007195647511,3.88615109466887
2020-03-23,0.678571428571429,3.90007995163901,2.64648282432647
2020-03-24,0.392857142857143,3.90007995163901,1.53217426671532
2020-03-25,0.202380952380952,3.90007995163901,0.789301894974561
2020-03-26,0.0952380952380952,3.90007995163901,0.371436185870382
2020-03-27,0.0476190476190476,3.90007995163901,0.185718092935191
2020-03-28,0,3.51007195647511,0
2020-03-29,0,3.51007195647511,0
2020-03-30,0.142857142857143,3.12006396131121,0.445723423044458
2020-03-31,0.571428571428571,2.34004797098341,1.33717026913337
2020-04-01,1.14285714285714,1.9500399758195,2.22861711522229
2020-04-02,1.71428571428571,1.9500399758195,3.34292567283344
2020-04-03,2.28571428571429,1.5600319806556,3.56578738435566
2020-04-04,2.85714285714286,1.5600319806556,4.45723423044458
2020-04-05,2.95238095238095,1.9500399758195,5.75726088099092
2020-04-06,2.91666666666667,2.34004797098341,6.82513991536826
2020-04-07,2.57380952380952,2.73005596614731,7.02664404620295
2020-04-08,2.1452380952381,3.12006396131121,6.69328006938428
2020-04-09,1.71666666666667,3.12006396131121,5.3561098002509
2020-04-10,1.50238095238095,3.90007995163901,5.85940583210527
2020-04-11,1.21666666666667,4.29008794680291,5.21960700194354
2020-04-12,1.40714285714286,4.68009594196681,6.58556357548187
2020-04-13,1.55,5.46011193229461,8.46317349505665
2020-04-14,1.75,6.24012792262241,10.9202238645892
2020-04-15,1.86428571428571,7.02014391295022,13.0875540091429
2020-04-16,2.07857142857143,7.80015990327802,16.2131895132422
2020-04-17,2.0547619047619,8.58017589360582,17.6302185623377
2020-04-18,2.07517006802721,8.97018388876972,18.6146571106749
2020-04-19,2.00374149659864,9.75019987909752,19.5368800978787
2020-04-20,2.07120181405896,12.4802558452448,25.849128546591
2020-04-21,2.02358276643991,12.8702638404087,26.0440441069858
2020-04-22,2.01133786848073,14.0402878259004,28.2397625886025
2020-04-23,1.97800453514739,16.3803357968838,32.4003784934734
2020-04-24,2.16848072562358,19.500399758195,42.2862410176007
2020-04-25,2.25521541950113,22.6204637195063,51.0140185764965
2020-04-26,2.41235827664399,24.1804957001619,58.3320189356399
2020-04-27,2.6187074829932,31.2006396131121,81.7053484290305
2020-04-28,2.83019207683073,37.8307755308984,107.068361167911
2020-04-29,2.99763177998472,43.290887463193,129.770140043409
2020-04-30,3.01408199643494,54.2111113277822,163.396734659799
2020-05-01,2.81334939570234,69.4214231391744,195.306718837392
2020-05-02,2.68510264245558,81.9016789844192,219.914414662613
2020-05-03,2.55799983871727,100.232054757123,256.39357990302
2020-05-04,2.28278424066702,114.662350578187,261.749406897722
2020-05-05,2.07529819281277,133.772742341218,277.618330428337
2020-05-06,1.88356305720008,157.95323804138,297.514883939873
2020-05-07,1.72121742736979,181.353717751214,312.149179511691
2020-05-08,1.56519749102198,212.164349369162,332.079107316924
2020-05-09,1.4350408829242,234.784813088668,336.925805471955
2020-05-10,1.32971125423008,260.525340769486,346.423477633313
2020-05-11,1.21579322526124,278.075700551861,338.082552840725
2020-05-12,1.12781626032417,301.086172266531,339.569880840958
2020-05-13,1.05607888713724,320.196564029563,338.15283100551
2020-05-14,1.04093950198252,336.96690782161,350.762165212417
2020-05-15,1.02732166869256,350.227179657183,359.795970626905
2020-05-16,1.04240059746033,363.87745948792,379.306081172553
2020-05-17,1.02734444541787,374.407675357345,384.645645600186
2020-05-18,1.01438539680169,391.568027144556,397.200888589884
2020-05-19,0.970575991765119,397.028139076851,385.345979843174
2020-05-20,0.924543350542339,398.198163062343,368.151463857463
2020-05-21,0.858069645675777,394.298083110704,338.33521646544
2020-05-22,0.816660567424593,384.93789122677,314.36359667248
2020-05-23,0.775398533835949,382.987851250951,296.968218336968
2020-05-24,0.747477282245261,370.89760340087,277.237532581363
2020-05-25,0.705315609434572,364.657475478247,257.198609551813
2020-05-26,0.676370541592698,357.637331565297,241.895355644587
2020-05-27,0.646404759862279,345.93709171038,223.615382694503
2020-05-28,0.626492628343004,328.386731928005,205.731866798545
2020-05-29,0.598086246534825,310.446364150465,185.673700685135
2020-05-30,0.614239532976737,294.066028353581,180.626979920228
2020-05-31,0.6394832560855,271.055556638911,173.335489939518
2020-06-01,0.697146125834723,248.045084924241,172.923669987279
2020-06-02,0.741943334302698,231.664749127357,171.882116407949
2020-06-03,0.794076603717846,215.284413330473,170.952315770851
2020-06-04,0.818216815358058,202.414149490065,165.61866077917
2020-06-05,0.852009951723864,186.033813693181,158.502660623733
2020-06-06,0.83913197684854,170.433493886625,143.016194646287
2020-06-07,0.835516577200309,161.853317993019,135.23113025804
2020-06-08,0.802606922110203,149.373062147774,119.887853656601
2020-06-09,0.794241853594758,135.722782317038,107.796714202522
2020-06-10,0.793051377404282,127.922622413759,101.4492119064
2020-06-11,0.837885685396485,123.242526471793,103.263148762812
2020-06-12,0.906693345446806,117.392406544334,106.438913819734
2020-06-13,1.00322189134998,112.712310602367,113.075457420933
2020-06-14,1.12265689939575,113.882334587859,127.850788644355
2020-06-15,1.20790894893352,109.98225463622,132.848549598975
2020-06-16,1.30686323119088,113.102318597531,147.80926153755
2020-06-17,1.33765253321306,108.422222655564,145.031260791806
2020-06-18,1.37565799462779,111.93229461204,153.980555940086
2020-06-19,1.32496464036301,111.542286616876,147.789585672596
2020-06-20,1.27631039605659,116.222382558842,148.335835114317
2020-06-21,1.15448806944703,118.172422534662,136.428651953921
2020-06-22,1.08970159010359,122.852518476629,133.872584732213
2020-06-23,0.984248502693806,121.682494491137,119.765813006949
2020-06-24,0.947410294622721,125.97258243794,119.347721441914
2020-06-25,0.90689856754383,128.702638404087,116.720238407778
2020-06-26,0.936357371650521,130.652678379907,122.33759852691
2020-06-27,0.965342878896898,133.772742341218,129.136564209604
2020-06-28,1.024923223925,132.212710360562,135.50787734661
2020-06-29,1.07813521218576,138.062830288021,148.850398827542
2020-06-30,1.11340724911892,137.282814297693,152.851680618499
2020-07-01,1.11237137003427,141.572902244496,157.481643229437
2020-07-02,1.08254405449266,139.622862268676,151.147899420204
2020-07-03,1.04647397548201,140.01287026384,146.519824963649
2020-07-04,1.01784261447079,138.062830288021,140.526232141596
2020-07-05,1.0003262181522,134.94276632671,134.986787106594
2020-07-06,1.01423792425867,134.552758331546,136.468510313466
2020-07-07,1.06409877769095,138.062830288021,146.912488954037
2020-07-08,1.17517326681422,138.062830288021,162.247747295191
2020-07-09,1.29071486807011,140.792886254168,181.723471606759
2020-07-10,1.4228787512853,146.252998186463,208.100283431285
2020-07-11,1.51389796598872,150.543086133266,227.906871890816
2020-07-12,1.57013849058368,163.023341978511,255.969224104045
2020-07-13,1.53562582389292,169.263469901133,259.925355421902
2020-07-14,1.47575187431309,180.573701760886,266.48197882528
2020-07-15,1.36475408407001,189.153877654492,258.148527046648
2020-07-16,1.25914829745157,195.00399758195,245.538951551563
2020-07-17,1.13030393584859,201.634133499737,227.907854696172
2020-07-18,1.02676303230768,209.044285407851,214.638944371958
2020-07-19,0.948363653908305,219.574501277276,208.236476336411
2020-07-20,0.936033611069787,226.594645190226,212.100203986485
2020-07-21,0.942336132078191,233.614789103177,220.14365675975
2020-07-22,0.965263578776468,238.684893040307,230.393834055965
2020-07-23,0.977692393113463,240.634933016127,235.266943527235
2020-07-24,1.00805463689034,249.99512490006,252.008744855486
2020-07-25,1.03829106712677,253.115188861372,262.807239548868
2020-07-26,1.06909261851656,246.875060938749,263.932305345442
2020-07-27,1.09354726834434,246.485052943585,269.543056334168
2020-07-28,1.12166875315874,245.705036953258,275.599662444183
2020-07-29,1.14010313421043,249.215108909733,284.13092676058
2020-07-30,1.13624177896575,250.385132895224,284.498048827445
2020-07-31,1.11016818188258,257.015268813011,285.330173694203
2020-08-01,1.08002851023347,257.795284803338,278.426257391364
2020-08-02,1.05973881540818,260.135332774322,275.675509400072
2020-08-03,1.01004488872821,262.865388740469,265.505842320865
2020-08-04,0.93651186181353,263.255396735633,246.541801729347
2020-08-05,0.862549164151684,271.835572629239,234.471545958044
2020-08-06,0.832061359273635,275.345644585714,229.104471304064
2020-08-07,0.808897385640082,262.475380745305,212.315649279763
2020-08-08,0.809899528151658,258.96530878883,209.735881395722
2020-08-09,0.830658342663667,257.795284803338,214.139804021249
2020-08-10,0.92272068409172,258.185292798502,238.232909993455
2020-08-11,0.993994295157521,252.335172871044,250.819722301405
2020-08-12,1.07936399464449,246.485052943585,266.047091365346
2020-08-13,1.12011764027618,243.364988982274,272.597417184664
2020-08-14,1.15318215640521,241.804957001619,278.845161744597
2020-08-15,1.13253613575919,240.634933016127,272.527757166757
2020-08-16,1.07663243348032,239.854917025799,258.235582999707
2020-08-17,0.957709414064769,235.174821083832,225.229140102984
2020-08-18,0.88813732377729,229.714709151538,204.018207018125
2020-08-19,0.828903874299938,221.91454924826,183.945829635407
2020-08-20,0.817855537827873,216.064429320801,176.709490047636
2020-08-21,0.812936400361566,216.064429320801,175.646639418228
2020-08-22,0.844629268896539,218.014469296621,184.141401810872
2020-08-23,0.880026804411805,218.404477291784,192.20179422032
2020-08-24,0.923913919459699,212.94436535949,196.742263226144
2020-08-25,0.950428173585893,210.99432538367,200.534951311389
2020-08-26,0.967982512394587,207.094245432031,200.463607995759
2020-08-27,0.966611960976067,203.194165480392,196.409910753897
2020-08-28,0.970967188667938,195.00399758195,189.342483311156
2020-08-29,0.968554563698922,190.713909635148,184.716827537986
2020-08-30,0.956459810687361,182.91374973187,174.949650440659
2020-08-31,0.936638982019948,180.183693765722,168.76707150532
2020-09-01,0.913656177787143,180.573701760886,164.982278159727
2020-09-02,0.885912296729566,175.893605818919,155.826308311084
2020-09-03,0.840817957106924,173.553557847936,145.92694795834
2020-09-04,0.773604980846047,173.553557847936,134.261896794716
2020-09-05,0.679698886939953,166.533413934986,113.19257608992
2020-09-06,0.585201774593871,163.023341978511,95.4015490260478
2020-09-07,0.484987220687202,154.443166084905,74.9029618736498
2020-09-08,0.411940841118381,144.692966205807,59.6049422027337
2020-09-09,0.363759159998936,134.94276632671,49.0866673269367
2020-09-10,0.318510991998724,124.802558452448,39.750986696668
2020-09-11,0.260498290560202,112.322302607203,29.2597678209622
