"fecha","rho7dpromedio","incidenciaAcum14d","riesgopor10"
2020-01-06,0,0,0
2020-01-07,0,0,0
2020-01-08,0,0,0
2020-01-09,0,0,0
2020-01-10,0,0,0
2020-01-11,0,0,0
2020-01-12,0,0,0
2020-01-13,0,0,0
2020-01-14,0,0,0
2020-01-15,0,0,0
2020-01-16,0,0,0
2020-01-17,0,0,0
2020-01-18,0,0,0
2020-01-19,0,0,0
2020-01-20,0,0,0
2020-01-21,0,0,0
2020-01-22,0,0,0
2020-01-23,0,0,0
2020-01-24,0,0,0
2020-01-25,0,0,0
2020-01-26,0,0,0
2020-01-27,0,0,0
2020-01-28,0,0,0
2020-01-29,0,0,0
2020-01-30,0,0,0
2020-01-31,0,0,0
2020-02-01,0,0,0
2020-02-02,0,0,0
2020-02-03,0,0,0
2020-02-04,0,0,0
2020-02-05,0,0,0
2020-02-06,0,0,0
2020-02-07,0,0,0
2020-02-08,0,0,0
2020-02-09,0,0,0
2020-02-10,0,0,0
2020-02-11,0,0,0
2020-02-12,0,0,0
2020-02-13,0,0,0
2020-02-14,0,0,0
2020-02-15,0,0,0
2020-02-16,0,0,0
2020-02-17,0,0,0
2020-02-18,0,0,0
2020-02-19,0,0,0
2020-02-20,0,0,0
2020-02-21,0,0,0
2020-02-22,0,0,0
2020-02-23,0,0,0
2020-02-24,0,0,0
2020-02-25,0,0,0
2020-02-26,0,0,0
2020-02-27,0,0,0
2020-02-28,0,0,0
2020-02-29,0,0,0
2020-03-01,0,0,0
2020-03-02,0,0,0
2020-03-03,0,0,0
2020-03-04,0,0,0
2020-03-05,0,0,0
2020-03-06,0,0,0
2020-03-07,0,0,0
2020-03-08,0,0,0
2020-03-09,0,0,0
2020-03-10,0,0,0
2020-03-11,0,0,0
2020-03-12,0,0,0
2020-03-13,0.142857142857143,0,0
2020-03-14,0.285714285714286,0,0
2020-03-15,0.428571428571429,0,0
2020-03-16,0.428571428571429,0,0
2020-03-17,0.428571428571429,0.436770865636179,0.187187513844077
2020-03-18,0.428571428571429,0.436770865636179,0.187187513844077
2020-03-19,0.428571428571429,0.436770865636179,0.187187513844077
2020-03-20,0.428571428571429,0.436770865636179,0.187187513844077
2020-03-21,0.428571428571429,0.436770865636179,0.187187513844077
2020-03-22,0.428571428571429,0.436770865636179,0.187187513844077
2020-03-23,0.428571428571429,0.436770865636179,0.187187513844077
2020-03-24,0.571428571428571,0.873541731272357,0.499166703584204
2020-03-25,0.714285714285714,0.873541731272357,0.623958379480255
2020-03-26,0.857142857142857,0.873541731272357,0.748750055376306
2020-03-27,0.714285714285714,0.873541731272357,0.623958379480255
2020-03-28,0.571428571428571,1.31031259690854,0.748750055376306
2020-03-29,0.428571428571429,1.31031259690854,0.56156254153223
2020-03-30,0.571428571428571,1.31031259690854,0.748750055376306
2020-03-31,0.571428571428571,0.873541731272357,0.499166703584204
2020-04-01,0.571428571428571,0.873541731272357,0.499166703584204
2020-04-02,0.571428571428571,0.873541731272357,0.499166703584204
2020-04-03,0.714285714285714,1.31031259690854,0.935937569220383
2020-04-04,0.857142857142857,1.31031259690854,1.12312508306446
2020-04-05,0.857142857142857,1.31031259690854,1.12312508306446
2020-04-06,1,1.74708346254471,1.74708346254471
2020-04-07,1.14285714285714,1.31031259690854,1.49750011075261
2020-04-08,1.42857142857143,1.31031259690854,1.87187513844077
2020-04-09,1.42857142857143,1.31031259690854,1.87187513844077
2020-04-10,1.57142857142857,2.18385432818089,3.4317710871414
2020-04-11,1.5,1.74708346254471,2.62062519381707
2020-04-12,1.57142857142857,2.18385432818089,3.4317710871414
2020-04-13,1.28571428571429,2.18385432818089,2.80781270766115
2020-04-14,1,2.62062519381707,2.62062519381707
2020-04-15,0.642857142857143,2.62062519381707,1.68468762459669
2020-04-16,1.07142857142857,2.62062519381707,2.80781270766115
2020-04-17,1.35714285714286,2.18385432818089,2.96380230253121
2020-04-18,1.85714285714286,2.18385432818089,4.05572946662166
2020-04-19,2.21428571428571,2.62062519381707,5.80281292916637
2020-04-20,2.35714285714286,3.93093779072561,9.26578193528179
2020-04-21,2.38571428571429,4.80447952199796,11.4621154310523
2020-04-22,2.31428571428571,4.80447952199796,11.1189383223381
2020-04-23,1.74285714285714,5.24125038763414,9.13475067559094
2020-04-24,1.17142857142857,4.36770865636179,5.11645871173809
2020-04-25,0.6,4.36770865636179,2.62062519381707
2020-04-26,0.171428571428571,3.93093779072561,0.673875049838676
2020-04-27,0.171428571428571,3.93093779072561,0.673875049838676
2020-04-28,0.285714285714286,3.49416692508943,0.998333407168408
2020-04-29,0.857142857142857,3.49416692508943,2.99500022150522
2020-04-30,1.42857142857143,3.49416692508943,4.99166703584204
2020-05-01,2,3.93093779072561,7.86187558145121
2020-05-02,2.57142857142857,3.93093779072561,10.1081257475801
2020-05-03,3.14285714285714,4.80447952199796,15.0997927834222
2020-05-04,3.28571428571429,3.49416692508943,11.4808341824367
2020-05-05,3.39285714285714,3.05739605945325,10.3733080588592
2020-05-06,3.02142857142857,3.93093779072561,11.8770477534067
2020-05-07,2.73571428571429,4.36770865636179,11.9488029670469
2020-05-08,2.45,6.1147921189065,14.9812406913209
2020-05-09,2.11071428571429,6.55156298454268,13.8284775852312
2020-05-10,1.92704081632653,7.42510471581504,14.3084798528742
2020-05-11,2.13112244897959,9.60895904399593,20.4778683299852
2020-05-12,2.36326530612245,10.9192716409045,25.8051358370763
2020-05-13,2.53469387755102,13.1031259690854,33.2124131706204
2020-05-14,2.55667189952904,17.9076054910833,45.7838717469047
2020-05-15,2.47396513261175,20.9650015505366,51.8666828411787
2020-05-16,2.46206037070699,24.459168475626,60.2199494042844
2020-05-17,2.29123648559739,27.5165645350793,63.0469566210687
2020-05-18,2.10363836942784,31.4475023258049,66.1541725152344
2020-05-19,1.87659755310131,34.0681275196219,63.932164742066
2020-05-20,1.79088326738703,41.9300031010731,75.091740955198
2020-05-21,1.67624115274491,47.1712534887073,79.0703963243332
2020-05-22,1.68577718795489,54.5963582045223,92.0372952065974
2020-05-23,1.63956506674277,60.7111503234288,99.5398812320627
2020-05-24,1.63120527838298,67.6994841736077,110.431755927794
2020-05-25,1.52742017459788,72.9407345612418,111.411149518829
2020-05-26,1.48374670521012,82.9864644708739,123.130893235696
2020-05-27,1.35962492535063,91.2851109179613,124.113512117458
2020-05-28,1.3648689753708,96.5263613055955,131.74583585144
2020-05-29,1.36758960923076,105.261778618319,143.954914687562
2020-05-30,1.43737315901431,111.813341602862,160.717496039652
2020-05-31,1.46818396982512,115.307508527951,169.292635621212
2020-06-01,1.52857044325508,133.651884884671,204.296320920037
2020-06-02,1.53987612681882,148.065323450665,228.002256791386
2020-06-03,1.56269920537961,155.053657300843,242.30222705523
2020-06-04,1.55971746230924,169.903866732473,265.002027856502
2020-06-05,1.54952239886628,178.639284045197,276.805571945469
2020-06-06,1.55028430362819,196.54688953628,304.703557775038
2020-06-07,1.52962127606861,208.339702908457,318.680842218589
2020-06-08,1.5183070136827,233.235642249719,354.123311468537
2020-06-09,1.48169520766997,247.649080815713,366.940456228515
2020-06-10,1.46742408553368,272.545020156975,399.939126970608
2020-06-11,1.41563628513314,298.31450122951,422.30483232189
2020-06-12,1.38045133059335,322.3368988395,444.970400902322
2020-06-13,1.31299953036106,339.807733464947,446.167394452532
2020-06-14,1.29916753658352,360.772735015484,468.704225416563
2020-06-15,1.26327292362273,375.622944447114,474.514295211484
2020-06-16,1.28578834839729,407.070446772919,523.406437437499
2020-06-17,1.27689929737341,438.081178233087,559.385548678345
2020-06-18,1.27997881323062,464.287430171258,594.2780738685
2020-06-19,1.24377747427699,489.620140378156,608.978501554687
2020-06-20,1.20451043920445,511.895454525601,616.583418757394
2020-06-21,1.12610183808382,532.423685210502,599.563290554905
2020-06-22,1.04442525203848,549.894519835949,574.323722474241
2020-06-23,0.964039318037866,567.802125327032,547.383573680723
2020-06-24,0.929768033766582,571.296292252122,531.173030345394
2020-06-25,0.912348165316037,574.353688311575,524.010533773564
2020-06-26,0.911758859565356,578.721396967937,527.654360905555
2020-06-27,0.925197779213879,594.445148130839,549.979330915117
2020-06-28,0.947168577642732,600.559940249746,568.831504395555
2020-06-29,0.973767472234125,604.490878040471,588.633554298057
2020-06-30,0.985765793168805,592.261293802658,583.83092404856
2020-07-01,0.986746365577949,592.698064668294,584.842661196524
2020-07-02,0.9625893953762,589.203897743205,567.161423681932
2020-07-03,0.928810938689495,585.272959952479,543.607927323041
2020-07-04,0.875793634786829,573.043375714666,501.867740907662
2020-07-05,0.835150910883314,560.377020611217,467.999379201535
2020-07-06,0.798712197466913,540.722331657589,431.881521737666
2020-07-07,0.79251745472047,528.05597655414,418.493578488619
2020-07-08,0.801780060042188,517.573475778872,414.980092486228
2020-07-09,0.852153380101919,507.964516734876,432.863679907462
2020-07-10,0.918214807034525,494.86139076579,454.389056430847
2020-07-11,1.00382338190485,481.321493931069,483.161769821378
2020-07-12,1.07855637299471,474.33316008089,511.595052727966
2020-07-13,1.14163266451928,472.586076618345,539.519701864515
2020-07-14,1.17221519910794,470.838993155801,551.924624109907
2020-07-15,1.17662923177897,458.609408917987,539.613236501777
2020-07-16,1.16579313366272,455.552012858534,531.07940861671
2020-07-17,1.13536864275418,449.873991605264,510.772823259276
2020-07-18,1.0834858588714,453.368158530353,491.217988630205
2020-07-19,1.00767213519775,455.98878372417,459.487191321562
2020-07-20,0.936723055664984,468.65513882762,439.000073695705
2020-07-21,0.874447207858965,469.091909693256,410.196110660497
2020-07-22,0.836212923670794,467.344826230711,390.799783504802
2020-07-23,0.808531441806046,463.850659305622,375.037842351059
2020-07-24,0.820900865860252,463.850659305622,380.775407853834
2020-07-25,0.868448094587809,460.356492380532,399.795718639
2020-07-26,0.939116170258664,454.241700261626,426.585725921482
2020-07-27,1.03170449686421,449.000449873992,463.235783229049
2020-07-28,1.11603919312241,444.195970351994,495.740112339866
2020-07-29,1.19372882102125,445.069512083266,531.292303931658
2020-07-30,1.23274632525614,437.207636501815,538.966107271535
2020-07-31,1.23902793081872,443.322428620721,549.288871419462
2020-08-01,1.19657747628471,440.701803426904,527.333851738687
2020-08-02,1.13832745562868,445.069512083266,506.634845267641
2020-08-03,1.04338435437556,442.012116023813,461.188526303679
2020-08-04,0.952304983273419,442.448886889449,421.346279828599
2020-08-05,0.859979613170271,448.126908142719,385.380005115765
2020-08-06,0.785111405017444,448.126908142719,351.829546478054
2020-08-07,0.723741380592175,446.816595545811,323.37965973182
2020-08-08,0.689531356953771,442.012116023813,304.781214151907
2020-08-09,0.699639043753187,438.517949098723,306.804278576039
2020-08-10,0.73832630040303,423.230968801457,312.48255541117
2020-08-11,0.81096273877652,413.622009757461,335.432037851159
2020-08-12,0.889753189329711,398.771800325831,354.808481154659
2020-08-13,0.969049656117865,390.90992474438,378.811128146602
2020-08-14,1.01497454114597,373.875860984569,379.474480448367
2020-08-15,1.04311599805215,360.335964149847,375.872208878253
2020-08-16,1.03156420752462,349.416692508943,360.445753503862
2020-08-17,0.997499486373808,332.382628749132,331.551501456835
2020-08-18,0.927230866105187,318.405961048774,295.235835036309
2020-08-19,0.865597190078386,308.360231139142,266.915749605963
2020-08-20,0.819355611912347,299.624813826419,245.499272676868
2020-08-21,0.803335121755658,288.705542185514,231.927301883133
2020-08-22,0.788878342865758,281.717208335335,222.240604468347
2020-08-23,0.795343986785114,281.280437469699,223.714704541811
2020-08-24,0.800141177362121,279.970124872791,224.015625341935
2020-08-25,0.813957071612798,272.545020156975,221.839946489623
2020-08-26,0.820273884052059,265.11991544116,217.470942778474
2020-08-27,0.818231400391928,254.200643800256,207.994948757213
2020-08-28,0.812837467393957,243.718143024988,198.103238134389
2020-08-29,0.799876713861775,234.982725712264,187.957210457009
2020-08-30,0.78682227090079,224.500224936996,176.641776802665
2020-08-31,0.758465306764009,210.523557236638,159.674814420537
2020-09-01,0.748449778813699,203.971994252095,152.66279398217
2020-09-02,0.724550745516169,190.432097417374,137.977718153966
2020-09-03,0.718566533649604,183.880534432831,132.130398233036
2020-09-04,0.673251633495994,173.834804523199,117.034566103701
2020-09-05,0.646171570701646,168.593554135565,108.940361685951
2020-09-06,0.575160710217101,156.800740763388,90.1856254200379
2020-09-07,0.511607242408314,145.007927391211,74.1871058599627
2020-09-08,0.43661591934847,134.962197481579,58.9266439307095
2020-09-09,0.406315063801285,125.353238437583,50.9329090734643
2020-09-10,0.339093228076694,111.376570737226,37.767040903398
2020-09-11,0.298866535095867,99.1469864994125,29.6317163202761
